	0.000000	1.369459	0.002028	0.002777
	8.456678	3.495956	0.001581	0.005527
	16.926067	6.765719	0.001251	0.008465
	25.387723	10.823529	0.001057	0.011440
	33.850744	4.127187	0.003499	0.014442
	42.311878	4.469299	0.003905	0.017454
	50.777359	4.699123	0.004358	0.020478
	59.245622	4.873223	0.004829	0.023533
	67.709262	5.005000	0.005315	0.026599
	76.177144	5.108031	0.005809	0.029672
	84.644263	5.192181	0.006315	0.032786
	93.103867	5.260330	0.006828	0.035916
	101.565840	5.316167	0.007348	0.039062
	110.032063	5.366001	0.007873	0.042246
	118.493962	5.408115	0.008406	0.045458
	126.958239	5.443857	0.008945	0.048697
	135.420895	5.476558	0.009490	0.051975
	143.878348	5.508287	0.010039	0.055296
	152.350407	5.536685	0.010595	0.058659
	160.811431	5.564164	0.011154	0.062060
	169.272294	5.590920	0.011717	0.065507
	177.741368	5.617591	0.012286	0.069019
	186.200824	5.642924	0.012862	0.072579
	194.663179	5.668610	0.013440	0.076189
	203.127687	5.693620	0.014027	0.079865
	211.588707	5.718139	0.014621	0.083608
	220.061455	5.742753	0.015223	0.087423
	228.521304	5.767327	0.015833	0.091316
	236.984639	5.791872	0.016450	0.095278
	245.455923	5.817263	0.017074	0.099325
	253.916495	5.794575	0.017710	0.102620
	262.377539	5.821580	0.018354	0.106848
	270.840759	5.848560	0.019010	0.111179
	279.302871	5.877308	0.019672	0.115617
	287.765212	5.908108	0.020344	0.120192
	296.225955	5.940798	0.021024	0.124902
	304.690511	5.973546	0.021721	0.129750
	313.161330	6.007715	0.022427	0.134736
	321.617651	6.042836	0.023144	0.139855
	330.079579	6.077790	0.023877	0.145119
	338.547535	6.113188	0.024627	0.150547
	347.006452	6.149068	0.025390	0.156126
	355.474598	6.185974	0.026173	0.161906
	363.931830	6.224880	0.026977	0.167928
	372.404127	6.264227	0.027803	0.174167
	380.871971	6.306293	0.028646	0.180649
	389.335515	6.349711	0.029506	0.187357
	397.799134	6.392040	0.030395	0.194288
	406.257474	6.436880	0.031304	0.201499
	414.722319	6.482415	0.032243	0.209010
	423.190727	6.531907	0.033208	0.216910
	431.654003	6.581405	0.034209	0.225142
	440.111439	6.632569	0.035243	0.233751
	448.577864	6.683283	0.036318	0.242723
	457.042568	6.734701	0.037438	0.252130
	465.498862	6.790630	0.038592	0.262067
	473.967083	6.848828	0.039796	0.272553
	482.431142	6.907709	0.041047	0.283540
	490.900142	6.967824	0.042354	0.295113
	499.356396	7.030927	0.043723	0.307411
	507.824435	7.095424	0.045168	0.320487
	516.293092	7.160037	0.046685	0.334265
	524.752572	7.229004	0.048278	0.349002
	533.212216	7.300638	0.049959	0.364735
	541.683342	7.373435	0.051737	0.381482
	550.148623	7.449183	0.053630	0.399496
	558.612244	7.526404	0.055652	0.418862
	567.077298	7.606700	0.057799	0.439662
	575.545082	7.691289	0.060094	0.462202
	584.010408	7.777570	0.062560	0.486568
	592.471306	7.865710	0.065229	0.513071
	600.936570	7.959445	0.068097	0.542018
	609.401991	8.056134	0.071203	0.573621
	617.859430	8.155281	0.074594	0.608333
	626.326542	8.258967	0.078293	0.646622
	634.788890	8.364032	0.082369	0.688934
	643.251064	8.476507	0.086821	0.735943
	651.718824	8.589824	0.091758	0.788185
	660.177302	8.711414	0.097185	0.846623
	668.642352	8.836114	0.103203	0.911915
	677.105556	9.122987	0.107958	0.984897
	685.093634	9.215296	0.115205	1.061644
	693.082156	9.048065	0.123101	1.113824
	701.072440	9.093693	0.131549	1.196265
	709.061487	9.243804	0.140413	1.297953
	717.052662	9.407023	0.149394	1.405351
	725.048616	9.582610	0.157946	1.513538
	733.041055	9.778946	0.165296	1.616420
	741.032722	10.003796	0.170454	1.705186
	749.022932	10.253542	0.172485	1.768581
	757.020447	10.525539	0.170774	1.797488
	765.006359	10.812899	0.165323	1.787625
	772.995923	11.106895	0.156815	1.741732
	780.992060	11.405845	0.146243	1.668030
	788.984108	11.708753	0.134696	1.577127
	796.972008	12.026426	0.122953	1.478682
	804.960816	12.357868	0.111581	1.378907
	812.954211	12.710660	0.100889	1.282369
	820.945535	12.756010	0.093422	1.191688
	829.406519	13.007248	0.084875	1.103990
	837.874596	13.265912	0.077220	1.024392
	846.337316	13.688389	0.070372	0.963278
	854.800444	13.974892	0.064253	0.897923
	863.261180	14.390072	0.058762	0.845593
	871.728072	14.838317	0.053817	0.798549
	880.198236	15.318518	0.049362	0.756146
	888.661494	15.839903	0.045318	0.717826
	897.126834	16.403624	0.041641	0.683061
	905.595968	17.010523	0.038292	0.651360
	914.053502	17.683595	0.035204	0.622533
	922.516470	18.416098	0.032369	0.596117
	930.984039	19.216195	0.029755	0.571779
	939.445968	20.110997	0.027321	0.549462
	947.912335	21.100579	0.025060	0.528776
	956.374323	22.205990	0.022952	0.509662
	964.838495	23.444716	0.020981	0.491902
	973.306446	24.847632	0.019129	0.475301
	981.771190	26.472599	0.017373	0.459920
	990.231147	28.328458	0.015726	0.445493
	998.699450	30.486224	0.014168	0.431920
	1007.156432	33.026975	0.012695	0.419275
	1015.631204	36.075538	0.011291	0.407344
	1024.096510	39.778088	0.009957	0.396051
	1032.554638	44.383998	0.008684	0.385434
	1041.022828	50.177131	0.007482	0.375421
	1049.481504	57.620601	0.006351	0.365954
	1057.946322	67.347131	0.005300	0.356915
	1066.411667	79.868473	0.004361	0.348324
	1074.875698	95.250434	0.003572	0.340223
	1083.348432	112.554425	0.002954	0.332492
	1091.814184	130.963031	0.002483	0.325140
	1100.277984	145.200324	0.002191	0.318127
	1108.746607	147.392782	0.002113	0.311395
	1117.211483	136.109508	0.002241	0.304962
	1125.669551	117.728452	0.002538	0.298803
	1134.134207	99.333905	0.002949	0.292941
	1142.601824	83.772835	0.003430	0.287331
	1151.067944	71.074453	0.003967	0.281946
	1159.534500	60.560753	0.004570	0.276777
	1167.997663	52.217908	0.005205	0.271772
	1176.464107	45.550201	0.005861	0.266959
	1184.926660	40.206517	0.006525	0.262328
	1193.389339	35.856334	0.007192	0.257874
	1201.855123	32.260624	0.007860	0.253568
	1210.315299	29.263388	0.008524	0.249443
	1218.783748	26.721123	0.009186	0.245459
	1227.243192	24.549479	0.009842	0.241615
	1235.708668	22.677838	0.010490	0.237901
	1244.179966	21.042963	0.011134	0.234298
	1252.645452	19.602035	0.011775	0.230812
	1261.105812	18.325174	0.012410	0.227407
	1269.574180	17.188762	0.013039	0.224118
	1278.034215	16.174596	0.013659	0.220922
	1286.501703	15.266231	0.014267	0.217809
	1294.961407	14.445014	0.014869	0.214786
	1303.426607	13.701299	0.015463	0.211867
	1311.890707	13.015521	0.016058	0.209004
	1320.356119	12.386059	0.016651	0.206237
	1328.819215	11.809826	0.017235	0.203543
	1337.287288	11.269068	0.017828	0.200910
	1345.747819	10.769210	0.018417	0.198341
	1354.211371	10.303912	0.019006	0.195835
	1362.673788	9.868734	0.019594	0.193370
	1371.135523	9.464950	0.020175	0.190957
	1379.601164	9.084667	0.020759	0.188587
	1388.062379	8.728051	0.021341	0.186268
	1396.528358	8.390461	0.021925	0.183965
	1404.997144	8.073067	0.022507	0.181697
	1413.456442	7.772102	0.023091	0.179465
	1421.921151	7.487709	0.023673	0.177259
	1430.388682	7.218153	0.024257	0.175091
	1438.856239	6.959803	0.024848	0.172934
	1447.323039	6.716656	0.025429	0.170801
	1455.788171	6.484704	0.026014	0.168693
	1464.255135	6.262277	0.026605	0.166609
	1472.717195	6.050338	0.027198	0.164560
	1481.180775	5.849759	0.027786	0.162541
	1489.643567	5.656816	0.028380	0.160541
	1498.107662	5.472908	0.028971	0.158555
	1506.571708	5.296426	0.029562	0.156573
	1515.039239	5.125851	0.030163	0.154612
	1523.503735	4.963080	0.030754	0.152636
	1531.972568	4.804617	0.031357	0.150657
	1540.441687	4.653279	0.031949	0.148667
	1548.899651	4.505997	0.032550	0.146672
	1557.362404	4.364130	0.033148	0.144661
	1565.829799	4.227190	0.033746	0.142652
	1574.289138	4.094670	0.034343	0.140624
	1582.756412	3.966009	0.034941	0.138575
	1591.218219	3.841381	0.035538	0.136515
	1599.682548	3.720149	0.036139	0.134442
	1608.148983	3.602704	0.036738	0.132358
	1616.606450	3.489232	0.037334	0.130267
	1625.070407	3.378832	0.037930	0.128159
	1633.537891	3.271608	0.038525	0.126039
	1641.999395	3.167658	0.039117	0.123910
	1650.466146	3.067258	0.039702	0.121776
	1658.926518	2.970159	0.040278	0.119632
	1667.390642	2.875552	0.040855	0.117481
	1675.856607	2.784415	0.041426	0.115348
	1684.322078	2.695855	0.041996	0.113216
	1692.782443	2.610125	0.042560	0.111087
	1701.253307	2.526854	0.043118	0.108954
	1709.715359	2.446886	0.043656	0.106820
	1718.182759	2.369245	0.044190	0.104698
	1726.643047	2.293791	0.044718	0.102574
	1735.102115	2.220544	0.045236	0.100449
	1743.571467	2.218337	0.045755	0.101500
	1752.045550	2.155862	0.046262	0.099734
	1760.506446	2.095830	0.046760	0.098001
	1768.970900	2.038563	0.047243	0.096308
	1777.432795	1.983984	0.047708	0.094652
	1785.902052	1.931002	0.048165	0.093006
	1794.366403	1.880351	0.048609	0.091401
	1802.831452	1.831669	0.049039	0.089822
	1811.300099	1.784702	0.049452	0.088256
	1819.756320	1.739804	0.049846	0.086722
	1828.221107	1.696211	0.050233	0.085206
	1836.683903	1.654336	0.050600	0.083709
	1845.141344	1.613973	0.050953	0.082237
	1853.612080	1.575208	0.051288	0.080789
	1862.076559	1.537618	0.051606	0.079350
	1870.536098	1.501828	0.051900	0.077944
	1879.002712	1.467100	0.052183	0.076557
	1887.462380	1.433374	0.052450	0.075181
	1895.929184	1.400961	0.052703	0.073834
	1904.395194	1.369741	0.052935	0.072507
	1912.856650	1.339738	0.053138	0.071191
	1921.320863	1.310566	0.053334	0.069897
	1929.781587	1.282253	0.053523	0.068630
	1938.245864	1.255019	0.053683	0.067373
	1946.712399	1.228784	0.053819	0.066132
	1955.176551	1.203432	0.053942	0.064915
	1963.633204	1.179042	0.054043	0.063719
	1972.102134	1.155234	0.054130	0.062533
	1980.562422	1.132180	0.054195	0.061359
	1989.028823	1.110017	0.054240	0.060207
