	0.000000	1.059934	0.002535	0.002687
	8.017936	1.973964	0.002651	0.005233
	15.919510	2.810031	0.002836	0.007970
	23.822757	3.506985	0.003070	0.010766
	31.724006	4.067630	0.003341	0.013589
	39.624153	4.528972	0.003628	0.016430
	47.523317	4.910324	0.003933	0.019314
	55.423236	5.232058	0.004247	0.022220
	63.328445	5.519441	0.004558	0.025158
	71.220671	5.786694	0.004865	0.028153
	79.120293	6.051421	0.005153	0.031185
	87.026874	6.244476	0.005489	0.034273
	94.923445	6.489574	0.005767	0.037428
	102.817769	6.831041	0.005949	0.040637
	110.720870	7.093111	0.006192	0.043922
	118.617443	7.353893	0.006429	0.047280
	126.519422	7.633720	0.006647	0.050739
	134.419356	7.910412	0.006864	0.054295
	142.318059	8.169560	0.007093	0.057950
	150.218345	8.478814	0.007280	0.061727
	158.116403	8.790021	0.007468	0.065640
	166.009278	9.105852	0.007653	0.069691
	173.914248	9.422912	0.007844	0.073910
	181.814535	9.758008	0.008024	0.078296
	189.710937	10.072656	0.008228	0.082875
	197.612104	10.460037	0.008381	0.087665
	205.512499	10.824850	0.008563	0.092694
	213.413002	11.199899	0.008749	0.097983
	221.310766	11.450520	0.008963	0.102629
	229.212247	11.875433	0.009137	0.108509
	237.115934	12.259794	0.009360	0.114752
	245.006845	12.673395	0.009581	0.121427
	252.906799	13.065028	0.009843	0.128596
	260.808290	13.590067	0.010029	0.136290
	268.704568	14.124439	0.010234	0.144546
	276.609090	14.475317	0.010600	0.153440
	284.507798	15.063561	0.010827	0.163100
	292.408789	15.526709	0.011189	0.173722
	300.311239	16.151451	0.011479	0.185397
	308.212675	16.699056	0.011868	0.198183
	316.109956	17.292214	0.012283	0.212408
	324.012102	17.894295	0.012764	0.228410
	331.906063	18.487352	0.013325	0.246349
	339.813908	19.136095	0.013945	0.266848
	347.711645	19.838462	0.014634	0.290309
	355.609468	20.604465	0.015415	0.317627
	363.514564	21.277280	0.016434	0.349681
	371.412491	22.135153	0.017526	0.387950
	379.308259	22.832603	0.019024	0.434357
	387.210095	23.628869	0.020821	0.491979
	395.105986	24.506743	0.023041	0.564671
	403.011970	25.434702	0.025917	0.659185
	410.911116	26.372246	0.029770	0.785092
	418.808017	27.279135	0.035065	0.956533
	426.711286	26.567619	0.042269	1.122994
	434.611000	26.713498	0.051310	1.370666
	442.509400	29.364657	0.055494	1.629549
	450.414410	32.395513	0.051460	1.667067
	458.309479	36.187859	0.039904	1.444038
	466.209082	38.220531	0.030413	1.162385
	474.107536	37.942267	0.023433	0.889103
	482.006010	40.265285	0.018439	0.742431
	489.908647	42.766238	0.014772	0.631745
	497.804440	45.321806	0.012086	0.547765
	505.700593	48.139821	0.010017	0.482220
	513.610331	51.479219	0.008351	0.429889
	521.509994	55.079037	0.007031	0.387236
	529.403481	59.295569	0.005934	0.351867
	537.304349	64.004942	0.005032	0.322042
	545.204490	69.596489	0.004259	0.296428
	553.104546	75.555297	0.003632	0.274390
	561.001216	81.722604	0.003120	0.255008
	568.902271	87.743191	0.002712	0.237996
	576.801433	93.896674	0.002373	0.222823
	584.697708	99.250800	0.002107	0.209167
	592.598935	103.622942	0.001900	0.196929
	600.502732	105.577704	0.001760	0.185822
	608.400612	106.081768	0.001655	0.175614
	616.305857	104.528115	0.001590	0.166240
	624.202282	102.325721	0.001541	0.157657
	632.101626	97.722524	0.001532	0.149724
	640.002427	92.426284	0.001540	0.142348
	647.901507	87.669487	0.001545	0.135444
	655.797311	82.283712	0.001567	0.128961
	663.697035	76.704746	0.001602	0.122876
	671.590351	71.843419	0.001631	0.117165
	679.497615	66.620746	0.001678	0.111793
	687.398879	63.147800	0.001690	0.106714
	695.297645	57.605281	0.001769	0.101886
	703.198440	54.383136	0.001804	0.098106
	711.095056	50.838825	0.001849	0.093997
	718.997707	47.785663	0.001885	0.090097
	726.895769	44.785506	0.001929	0.086369
	734.792403	42.302048	0.001958	0.082810
	742.702929	39.427074	0.002014	0.079399
	750.602440	37.367324	0.002038	0.076139
	758.499183	35.518860	0.002056	0.073010
	766.403004	33.592384	0.002084	0.069993
	774.303692	31.599049	0.002123	0.067096
	782.196826	29.554543	0.002176	0.064305
	790.102334	28.164897	0.002187	0.061607
	797.999522	26.154659	0.002256	0.059010
	805.903163	24.916413	0.002267	0.056482
	813.802560	23.641991	0.002286	0.054046
	821.698411	22.398989	0.002307	0.051679
	829.599829	21.286718	0.002320	0.049386
	837.499215	20.157303	0.002339	0.047151
	845.397073	18.955936	0.002373	0.044985
	853.297087	17.810834	0.002407	0.042865
	861.197773	16.818743	0.002427	0.040813
	869.101276	15.836391	0.002450	0.038797
	876.997411	14.960984	0.002463	0.036844
	884.899521	14.061796	0.002483	0.034922
	892.801148	13.191295	0.002505	0.033049
	900.703428	12.390214	0.002519	0.031216
	908.603916	11.729285	0.002508	0.029414
	916.507394	10.909920	0.002535	0.027656
	924.400603	10.234396	0.002533	0.025922
	932.305867	9.421003	0.002571	0.024224
	940.203682	8.801248	0.002563	0.022556
	948.103736	8.105144	0.002580	0.020911
	956.005701	7.422273	0.002600	0.019294
	963.904945	6.806478	0.002600	0.017699
	971.806410	6.150237	0.002621	0.016120
	979.712902	5.526705	0.002636	0.014571
	987.609119	4.908251	0.002656	0.013035
	995.509053	4.341076	0.002651	0.011510
	1003.408179	3.761175	0.002661	0.010010
	1011.307759	3.191572	0.002667	0.008513
	1019.207884	2.620025	0.002682	0.007028
	1027.103448	2.074830	0.002686	0.005573
	1035.004744	1.527236	0.002725	0.004162
	1042.906491	1.069071	0.002725	0.002913
	1050.804122	0.665361	0.002731	0.001817
	1058.700270	0.368152	0.002758	0.001015
	1066.599112	0.322510	0.002763	0.000891
	1074.492499	0.527109	0.002776	0.001463
	1082.398859	0.875750	0.002802	0.002454
	1090.298570	1.263778	0.002816	0.003559
	1098.204067	1.720265	0.002788	0.004796
	1106.103654	2.177219	0.002805	0.006107
	1114.000257	2.650358	0.002806	0.007436
	1121.899067	3.103723	0.002825	0.008768
	1129.799719	3.566411	0.002829	0.010091
	1137.695376	4.003441	0.002847	0.011398
	1145.594945	4.412850	0.002880	0.012710
	1153.498470	4.918580	0.002850	0.014018
	1161.399724	5.362435	0.002855	0.015310
	1169.300354	5.833963	0.002845	0.016600
	1177.202624	6.311596	0.002835	0.017895
	1185.099625	6.679751	0.002871	0.019181
	1192.997585	7.132293	0.002870	0.020468
	1200.893701	7.664686	0.002838	0.021755
	1208.801592	8.033613	0.002869	0.023048
	1216.697518	8.479223	0.002870	0.024333
	1224.595825	8.717705	0.002939	0.025620
	1232.499295	9.240556	0.002913	0.026922
	1240.395604	9.396472	0.003003	0.028216
	1248.294492	9.471521	0.003116	0.029512
	1256.192321	10.194870	0.003023	0.030821
	1264.094010	10.415100	0.003086	0.032139
	1271.995693	10.690617	0.003129	0.033452
	1279.890929	11.049262	0.003147	0.034773
	1287.791784	11.451235	0.003153	0.036108
	1295.695011	11.749772	0.003187	0.037446
	1303.589930	12.110463	0.003203	0.038790
	1311.489405	12.564448	0.003196	0.040151
	1319.391893	12.979877	0.003199	0.041518
	1327.291373	13.245897	0.003238	0.042889
	1335.194645	13.447331	0.003293	0.044277
	1343.096610	14.027183	0.003256	0.045675
	1350.995247	14.386260	0.003272	0.047079
	1358.897751	14.731614	0.003292	0.048497
	1366.799245	15.117697	0.003303	0.049933
	1374.695502	15.310380	0.003355	0.051368
	1382.598734	15.597791	0.003386	0.052818
	1390.495917	16.001547	0.003393	0.054289
