	0.000000	1.543244	0.001884	0.002907
	9.118807	2.701670	0.002080	0.005620
	17.019217	3.571740	0.002373	0.008475
	24.921990	4.162035	0.002730	0.011363
	32.820431	4.555965	0.003134	0.014279
	40.718865	4.831757	0.003563	0.017217
	48.622301	5.020745	0.004022	0.020191
	56.518105	5.143282	0.004511	0.023200
	64.417498	5.236327	0.005010	0.026235
	72.316041	5.312870	0.005519	0.029322
	80.211965	5.376710	0.006037	0.032459
	88.116280	5.430799	0.006563	0.035643
	96.014837	5.478306	0.007097	0.038882
	103.913024	5.522819	0.007639	0.042189
	111.817286	5.564723	0.008189	0.045570
	119.715757	5.602209	0.008750	0.049017
	127.612273	5.638165	0.009320	0.052548
	135.511880	5.675681	0.009899	0.056183
	143.412194	5.713731	0.010487	0.059920
	151.309912	5.752013	0.011086	0.063766
	159.205647	5.790313	0.011698	0.067736
	167.102852	5.829655	0.012323	0.071839
	175.011271	5.871534	0.012960	0.076095
	182.911518	5.913613	0.013614	0.080507
	190.808295	5.956289	0.014287	0.085098
	198.712545	6.002185	0.014976	0.089886
	206.610908	6.048430	0.015689	0.094892
	214.505533	6.096445	0.016424	0.100125
	222.408508	6.099046	0.017185	0.104810
	230.306088	6.151528	0.017977	0.110588
	238.214524	6.207108	0.018800	0.116691
	246.112720	6.266651	0.019659	0.123193
	254.011915	6.330469	0.020551	0.130100
	261.912359	6.398649	0.021487	0.137485
	269.816414	6.469014	0.022468	0.145345
	277.714311	6.540519	0.023504	0.153727
	285.613489	6.616553	0.024599	0.162760
	293.511511	6.698174	0.025768	0.172600
	301.417804	6.783566	0.027021	0.183296
	309.316441	6.870238	0.028366	0.194884
	317.213190	6.962417	0.029813	0.207571
	325.118896	7.064270	0.031380	0.221675
	333.019589	7.169169	0.033093	0.237250
	340.915130	7.278306	0.034982	0.254606
	348.816582	7.395869	0.037082	0.274256
	356.718405	7.517193	0.039427	0.296384
	364.621703	7.651025	0.042068	0.321862
	372.518984	7.788250	0.045094	0.351201
	380.420196	7.932189	0.048604	0.385535
	388.322497	8.092583	0.052690	0.426397
	396.220186	8.258052	0.057579	0.475494
	404.118858	8.436401	0.063496	0.535676
	412.019294	8.625080	0.070814	0.610774
	419.916137	8.827447	0.080063	0.706753
	427.813432	9.043824	0.091995	0.831991
	435.715466	9.278997	0.107573	0.998165
	443.611217	9.218120	0.125545	1.157293
	451.075636	9.307738	0.147528	1.373155
	458.530016	9.803861	0.165245	1.620037
	465.986762	10.587511	0.165115	1.748158
	473.451181	11.411666	0.144580	1.649895
	480.908541	12.067126	0.117193	1.414177
	488.362762	12.606808	0.092865	1.170726
	495.821600	11.926411	0.075486	0.900282
	504.724785	12.948003	0.059570	0.771316
	512.608860	13.592152	0.049019	0.666270
	520.504781	14.325849	0.040790	0.584344
	528.404791	15.170061	0.034224	0.519187
	536.308149	16.146854	0.028885	0.466408
	544.205655	17.308106	0.024430	0.422839
	552.107670	18.681171	0.020677	0.386269
	560.010528	20.365511	0.017443	0.355232
	567.908797	22.436437	0.014641	0.328484
	575.812178	25.053703	0.012181	0.305183
	583.708787	28.493403	0.009994	0.284758
	591.603476	33.216374	0.008028	0.266648
	599.508058	39.951877	0.006269	0.250440
	607.409080	50.306865	0.004690	0.235952
	615.306593	67.000113	0.003325	0.222800
	623.206774	92.748339	0.002273	0.210792
	631.109109	122.104927	0.001637	0.199884
	639.006891	124.019371	0.001531	0.189890
	646.905351	95.033499	0.001901	0.180625
	654.805577	67.808121	0.002537	0.172018
	662.707262	49.739055	0.003298	0.164017
	670.605364	38.149705	0.004105	0.156603
	678.503444	30.348859	0.004932	0.149668
	686.407777	24.979098	0.005731	0.143159
	694.303094	21.065028	0.006504	0.137009
	702.203012	18.101285	0.007247	0.131183
	710.105641	15.780840	0.007963	0.125669
	718.000890	13.919333	0.008653	0.120450
	725.906846	12.394572	0.009318	0.115498
	733.806139	11.119147	0.009964	0.110796
	741.702710	10.039505	0.010589	0.106311
	749.606227	9.117321	0.011189	0.102017
	757.503953	8.314713	0.011776	0.097910
	765.398980	7.637577	0.012344	0.094275
	773.300912	7.036501	0.012896	0.090740
	781.201104	6.501355	0.013435	0.087348
	789.103443	6.022897	0.013963	0.084099
	796.998257	5.593241	0.014478	0.080977
	804.896242	5.204126	0.014981	0.077962
	812.800655	4.849259	0.015477	0.075052
	820.696710	4.526590	0.015962	0.072255
	828.586739	4.230400	0.016439	0.069544
	836.494372	3.957742	0.016909	0.066922
	844.389201	3.706396	0.017371	0.064383
	852.293441	3.472457	0.017830	0.061914
	860.194570	3.256259	0.018282	0.059529
	868.094232	3.054559	0.018727	0.057203
	875.996213	2.866801	0.019168	0.054951
	883.892162	2.691068	0.019602	0.052750
	891.792305	2.526971	0.020029	0.050614
	899.694682	2.372292	0.020454	0.048522
	907.593445	2.226418	0.020878	0.046483
	915.492300	2.089622	0.021294	0.044497
	923.390760	1.960022	0.021709	0.042550
	931.294586	1.837755	0.022120	0.040651
	939.196939	1.721456	0.022527	0.038780
	947.096959	1.611364	0.022938	0.036961
	954.997283	1.506746	0.023339	0.035166
	962.898999	1.406997	0.023743	0.033407
	970.798946	1.312049	0.024149	0.031684
	978.704080	1.221293	0.024548	0.029980
	986.600100	1.134948	0.024949	0.028315
	994.497301	1.052155	0.025350	0.026673
	1002.402349	0.972757	0.025747	0.025046
	1010.301804	0.896884	0.026149	0.023453
	1018.198106	0.823854	0.026553	0.021875
	1026.100786	0.753769	0.026952	0.020316
	1033.999694	0.686596	0.027357	0.018783
	1041.900099	0.621656	0.027760	0.017257
	1049.800792	0.559053	0.028166	0.015746
	1057.700118	0.498973	0.028570	0.014256
	1065.603619	0.440634	0.028976	0.012768
	1073.500683	0.384318	0.029386	0.011293
	1081.401353	0.329865	0.029793	0.009828
	1089.304854	0.276754	0.030204	0.008359
	1097.200103	0.225347	0.030616	0.006899
	1105.097634	0.175921	0.031030	0.005459
	1112.995634	0.129284	0.031447	0.004066
	1120.892651	0.088436	0.031865	0.002818
	1128.798951	0.050903	0.032288	0.001644
	1136.697792	0.023692	0.032713	0.000775
	1144.594882	0.018296	0.033142	0.000606
	1152.496356	0.031231	0.033577	0.001049
	1160.391441	0.060644	0.034011	0.002063
	1168.291050	0.093330	0.034450	0.003215
	1176.192937	0.127214	0.034894	0.004439
	1184.088374	0.162916	0.035343	0.005758
	1191.995433	0.198491	0.035798	0.007106
	1199.893963	0.233408	0.036257	0.008463
	1207.796306	0.267380	0.036722	0.009819
	1215.699912	0.299996	0.037193	0.011158
	1223.599287	0.331771	0.037669	0.012498
	1231.493542	0.362511	0.038156	0.013832
	1239.393425	0.392301	0.038643	0.015160
	1247.293387	0.421145	0.039147	0.016486
	1255.191910	0.449324	0.039659	0.017820
	1263.092619	0.476606	0.040180	0.019150
	1270.991433	0.502908	0.040714	0.020476
	1278.896476	0.528748	0.041247	0.021809
	1286.796604	0.554124	0.041776	0.023149
	1294.693495	0.578887	0.042294	0.024484
	1302.594804	0.603271	0.042815	0.025829
	1310.488109	0.627306	0.043330	0.027181
	1318.394481	0.650670	0.043856	0.028536
	1326.286762	0.673380	0.044395	0.029895
	1334.193899	0.695607	0.044947	0.031266
	1342.098539	0.717239	0.045508	0.032640
	1349.993433	0.738268	0.046080	0.034019
	1357.890881	0.758952	0.046660	0.035413
	1365.793269	0.779229	0.047241	0.036811
	1373.692093	0.798902	0.047829	0.038211
	1381.586782	0.818205	0.048427	0.039623
	1389.483644	0.837154	0.049035	0.041050
