	100.000000	4.292046	0.008546	0.036680
	103.046605	4.331684	0.008746	0.037884
	106.093141	4.369194	0.008949	0.039100
	109.140722	4.406827	0.009154	0.040338
	112.186753	4.442590	0.009360	0.041584
	115.236383	4.477451	0.009568	0.042840
	118.283157	4.511145	0.009779	0.044112
	121.327338	4.544201	0.009992	0.045406
	124.376184	4.577660	0.010203	0.046707
	127.422816	4.609555	0.010418	0.048025
	130.469203	4.641300	0.010636	0.049366
	133.517364	4.672933	0.010855	0.050724
	136.562802	4.703687	0.011075	0.052094
	139.610779	4.734262	0.011299	0.053491
	142.656560	4.764456	0.011524	0.054907
	145.702616	4.793804	0.011751	0.056334
	148.749573	4.822910	0.011983	0.057794
	151.796955	4.853330	0.012214	0.059277
	154.844947	4.882294	0.012449	0.060778
	157.893954	4.911914	0.012686	0.062310
	160.940718	4.940508	0.012927	0.063867
	163.989230	4.970346	0.013168	0.065448
	167.036291	4.999524	0.013413	0.067060
	170.090096	5.028751	0.013662	0.068705
	173.139277	5.057884	0.013913	0.070373
	176.186009	5.087681	0.014168	0.072080
	179.233445	5.117363	0.014424	0.073813
	182.280833	5.147006	0.014685	0.075585
	185.325568	5.177014	0.014950	0.077398
	188.376204	5.206694	0.015219	0.079240
	191.422774	5.237493	0.015491	0.081133
	194.471377	5.267754	0.015767	0.083055
	197.517986	5.298528	0.016048	0.085032
	200.565856	5.329821	0.016333	0.087052
	203.612388	5.361041	0.016623	0.089118
	206.660928	5.393001	0.016918	0.091239
	209.705945	5.424862	0.017218	0.093407
	212.755532	5.457778	0.017524	0.095640
	215.801197	5.490492	0.017835	0.097922
	218.848434	5.523659	0.018154	0.100276
	221.896484	5.520955	0.018477	0.102010
	224.942696	5.555756	0.018806	0.104484
	227.987708	5.590918	0.019144	0.107033
	231.037635	5.627606	0.019488	0.109671
	234.082688	5.663969	0.019841	0.112376
	237.131772	5.702119	0.020198	0.115169
	240.176622	5.741580	0.020563	0.118062
	243.223383	5.782234	0.020937	0.121065
	246.271148	5.823511	0.021323	0.124175
	249.317715	5.865860	0.021716	0.127386
	252.364160	5.909676	0.022119	0.130715
	255.412972	5.953860	0.022535	0.134168
	258.458948	5.999577	0.022960	0.137750
	261.507365	6.045557	0.023401	0.141473
	264.554112	6.092029	0.023853	0.145314
	267.599737	6.139032	0.024323	0.149322
	270.647708	6.188082	0.024805	0.153496
	273.693874	6.237443	0.025305	0.157841
	276.739668	6.288509	0.025822	0.162379
	279.789175	6.341422	0.026360	0.167159
	282.834533	6.395634	0.026919	0.172167
	285.880738	6.451263	0.027501	0.177416
	288.928205	6.508436	0.028107	0.182935
	291.975270	6.566169	0.028739	0.188705
	295.026819	6.626905	0.029393	0.194783
	298.074112	6.687919	0.030081	0.201177
	301.119568	6.751115	0.030800	0.207934
	304.168398	6.817578	0.031557	0.215141
	307.214160	6.886529	0.032349	0.222774
	310.260590	6.956587	0.033189	0.230879
	313.307133	7.027722	0.034074	0.239465
	316.353793	7.100087	0.035015	0.248610
	319.402272	7.175687	0.036017	0.258445
	322.449571	7.254862	0.037083	0.269034
	325.497302	7.335688	0.038220	0.280373
	328.546429	7.418703	0.039434	0.292550
	331.592581	7.506288	0.040737	0.305782
	334.638758	7.597965	0.042141	0.320185
	337.685892	7.689588	0.043663	0.335753
	340.732551	7.785141	0.045326	0.352867
	343.781338	7.884518	0.047139	0.371665
	346.828115	7.987039	0.049118	0.392308
	349.875427	8.095429	0.051298	0.415276
	352.923632	8.205590	0.053713	0.440743
	355.967708	8.320392	0.056408	0.469334
	359.014468	8.441737	0.059417	0.501582
	362.062240	8.566600	0.062812	0.538088
	365.107384	8.694570	0.066680	0.579750
	368.155111	8.831161	0.071085	0.627759
	371.202250	8.971376	0.076172	0.683369
	374.247593	9.117491	0.082061	0.748191
	377.295624	9.272058	0.088923	0.824496
	380.342077	9.433085	0.096941	0.914449
	383.388134	9.601430	0.106270	1.020347
	386.434878	9.599902	0.115276	1.106642
	389.310244	9.647562	0.126484	1.220267
	392.187281	9.866498	0.137840	1.359997
	395.063312	10.132482	0.147633	1.495885
	397.941024	10.461379	0.153253	1.603234
	400.818350	10.852871	0.152248	1.652331
	403.696011	11.267483	0.144230	1.625108
	406.571781	11.667020	0.131314	1.532044
	409.449154	12.039073	0.116424	1.401635
	412.326598	12.383318	0.101816	1.260814
	415.203564	12.581342	0.089648	1.127896
	418.250929	12.076847	0.077993	0.941909
	422.205584	13.015316	0.065532	0.852917
	425.248256	13.403671	0.057633	0.772492
	428.294308	13.812167	0.050955	0.703800
	431.342427	14.254203	0.045260	0.645139
	434.389727	14.729957	0.040371	0.594664
	437.435420	15.247237	0.036132	0.550910
	440.482666	15.807492	0.032431	0.512652
	443.529014	16.412175	0.029184	0.478972
	446.575280	17.083374	0.026296	0.449223
	449.622962	17.808546	0.023732	0.422631
	452.669793	18.601308	0.021441	0.398834
	455.716317	19.476298	0.019376	0.377380
	458.765416	20.450045	0.017504	0.357961
	461.811197	21.519449	0.015812	0.340265
	464.856640	22.704244	0.014279	0.324195
	467.905103	24.011242	0.012884	0.309362
	470.951390	25.464436	0.011613	0.295715
	473.999348	27.078480	0.010458	0.283180
	477.046174	28.867054	0.009407	0.271549
	480.093592	30.826836	0.008456	0.260683
	483.141672	32.918060	0.007612	0.250585
	486.187866	35.124186	0.006867	0.241201
	489.234635	37.350676	0.006222	0.232413
	492.282269	39.414746	0.005686	0.224110
	495.332533	41.132158	0.005259	0.216294
	498.380595	42.282599	0.004941	0.208934
	501.426473	42.661090	0.004736	0.202023
	504.473379	42.150836	0.004638	0.195497
	507.521896	40.814558	0.004638	0.189314
	510.567453	38.825885	0.004724	0.183428
	513.615235	36.426807	0.004881	0.177810
	516.663784	33.855782	0.005094	0.172454
	519.709082	31.285520	0.005349	0.167355
	522.754775	28.836694	0.005635	0.162494
	525.802000	26.561482	0.005944	0.157871
	528.850067	24.466625	0.006272	0.153443
	531.897565	22.592346	0.006604	0.149205
	534.949307	20.899506	0.006944	0.145132
	537.992741	19.380360	0.007287	0.141234
	541.040942	18.007484	0.007633	0.137449
	544.085703	16.784088	0.007973	0.133818
	547.132748	15.670764	0.008316	0.130315
	550.178940	14.670343	0.008653	0.126937
	553.224603	13.761458	0.008987	0.123676
	556.272582	12.936504	0.009316	0.120522
	559.317300	12.185678	0.009642	0.117492
	562.365821	11.499131	0.009963	0.114568
	565.413626	10.873404	0.010276	0.111735
	568.461465	10.296191	0.010586	0.108996
	571.506200	9.764696	0.010890	0.106337
	574.554390	9.274281	0.011188	0.103759
	577.599559	8.819240	0.011481	0.101253
	580.648369	8.395325	0.011771	0.098819
	583.694136	8.062638	0.012055	0.097194
	586.741484	7.700747	0.012336	0.094994
	589.788794	7.361826	0.012612	0.092845
	592.834105	7.046351	0.012882	0.090770
	595.881071	6.748502	0.013150	0.088744
	598.929403	6.470298	0.013411	0.086775
	601.975812	6.207141	0.013670	0.084852
	605.022817	5.958150	0.013927	0.082979
	608.069219	5.724760	0.014177	0.081158
	611.115093	5.502841	0.014423	0.079369
	614.163178	5.293500	0.014667	0.077638
	617.208536	5.093565	0.014909	0.075941
	620.253916	4.904092	0.015146	0.074280
	623.302746	4.723786	0.015383	0.072666
	626.349795	4.552240	0.015614	0.071079
	629.396229	4.388325	0.015844	0.069529
	632.441746	4.231898	0.016074	0.068022
	635.489309	4.082271	0.016299	0.066537
	638.535643	3.939907	0.016519	0.065085
	641.585392	3.803506	0.016739	0.063668
	644.631554	3.671616	0.016960	0.062270
	647.680623	3.546194	0.017174	0.060903
	650.726928	3.426250	0.017387	0.059571
	653.773445	3.310086	0.017600	0.058257
	656.819565	3.198678	0.017808	0.056963
	659.866552	3.091761	0.018017	0.055704
	662.915930	2.988886	0.018223	0.054466
	665.961473	2.889484	0.018427	0.053246
	669.009236	2.793923	0.018628	0.052046
	672.056696	2.701919	0.018830	0.050876
	675.103179	2.613397	0.019026	0.049723
	678.148600	2.527045	0.019225	0.048582
	681.195217	2.444401	0.019418	0.047464
	684.241754	2.364719	0.019610	0.046372
	687.289438	2.287465	0.019800	0.045292
	690.335681	2.212130	0.019991	0.044222
	693.383858	2.139359	0.020179	0.043171
	696.432225	2.069491	0.020365	0.042145
	699.477559	2.001804	0.020549	0.041135
	702.525288	1.935683	0.020731	0.040129
	705.570143	1.871296	0.020917	0.039142
	708.617056	1.809322	0.021097	0.038171
	711.667587	1.749319	0.021274	0.037215
	714.715105	1.690767	0.021455	0.036275
	717.760851	1.633686	0.021632	0.035339
	720.807573	1.578286	0.021809	0.034420
	723.854390	1.524689	0.021982	0.033516
	726.902397	1.472411	0.022157	0.032625
	729.948182	1.421701	0.022329	0.031745
	732.995741	1.372075	0.022499	0.030871
	736.045328	1.323475	0.022671	0.030005
	739.091339	1.276462	0.022843	0.029159
	742.135471	1.230913	0.023010	0.028324
	745.184261	1.186362	0.023178	0.027497
	748.231605	1.142618	0.023346	0.026675
	751.278572	1.100079	0.023512	0.025865
	754.325390	1.058510	0.023679	0.025064
	757.369763	1.018109	0.023843	0.024274
	760.420011	0.978704	0.024008	0.023496
	763.466657	0.940067	0.024170	0.022722
	766.512543	0.902261	0.024333	0.021954
	769.561672	0.865223	0.024495	0.021194
	772.606884	0.829180	0.024658	0.020446
	775.653566	0.794031	0.024817	0.019705
	778.702366	0.759637	0.024979	0.018975
	781.749726	0.725926	0.025138	0.018249
	784.797251	0.692807	0.025299	0.017527
	787.843023	0.660469	0.025456	0.016813
	790.889082	0.628912	0.025612	0.016107
	793.938491	0.597945	0.025771	0.015410
	796.983567	0.567666	0.025929	0.014719
	800.031796	0.538006	0.026085	0.014034
	803.078848	0.508919	0.026239	0.013353
	806.126050	0.480180	0.026397	0.012675
	809.173059	0.452103	0.026553	0.012005
	812.221473	0.424667	0.026706	0.011341
	815.267976	0.397876	0.026862	0.010688
	818.315356	0.371417	0.027016	0.010034
	821.362178	0.345651	0.027170	0.009391
	824.409994	0.320011	0.027324	0.008744
	827.457542	0.295014	0.027478	0.008107
	830.503005	0.270395	0.027632	0.007472
	833.551694	0.246366	0.027783	0.006845
	836.597935	0.222886	0.027937	0.006227
	839.643573	0.199915	0.028088	0.005615
	842.692317	0.177382	0.028240	0.005009
	845.737952	0.155411	0.028390	0.004412
	848.785986	0.134319	0.028542	0.003834
	851.832892	0.114672	0.028692	0.003290
	854.880250	0.096549	0.028842	0.002785
	857.926177	0.080147	0.028991	0.002324
	860.973477	0.065635	0.029141	0.001913
	864.020202	0.052914	0.029290	0.001550
	867.066370	0.043364	0.029438	0.001277
	870.114047	0.038177	0.029588	0.001130
	873.161500	0.037732	0.029735	0.001122
	876.208041	0.042044	0.029884	0.001256
	879.255058	0.050137	0.030033	0.001506
	882.300054	0.060842	0.030182	0.001836
	885.347559	0.073189	0.030329	0.002220
	888.393278	0.086327	0.030477	0.002631
	891.441857	0.100458	0.030624	0.003076
	894.488699	0.115290	0.030774	0.003548
	897.534789	0.130609	0.030919	0.004038
	900.582319	0.146535	0.031067	0.004552
	903.628840	0.162479	0.031215	0.005072
	906.675115	0.178302	0.031361	0.005592
	909.722782	0.193916	0.031509	0.006110
	912.768622	0.209387	0.031655	0.006628
	915.817107	0.224620	0.031804	0.007144
	918.863293	0.239712	0.031950	0.007659
	921.909515	0.254671	0.032099	0.008175
	924.959009	0.269370	0.032244	0.008686
	928.003483	0.283915	0.032391	0.009196
	931.049920	0.298165	0.032538	0.009702
	934.099450	0.312183	0.032684	0.010203
	937.144941	0.325934	0.032832	0.010701
	940.191270	0.339430	0.032979	0.011194
	943.235711	0.352835	0.033128	0.011689
	946.284343	0.366138	0.033275	0.012183
	949.331857	0.379210	0.033421	0.012674
	952.377622	0.392146	0.033571	0.013165
	955.423464	0.404811	0.033720	0.013650
	958.473091	0.417357	0.033867	0.014135
	961.519283	0.429644	0.034014	0.014614
	964.565369	0.441760	0.034162	0.015091
	967.613097	0.453684	0.034311	0.015566
	970.657584	0.465465	0.034457	0.016039
	973.705925	0.477074	0.034608	0.016511
	976.753884	0.488613	0.034758	0.016983
	979.799222	0.500014	0.034905	0.017453
	982.848436	0.511250	0.035056	0.017922
	985.893465	0.522369	0.035205	0.018390
	988.938888	0.533220	0.035355	0.018852
	991.986223	0.543901	0.035507	0.019312
	995.033379	0.554532	0.035657	0.019773
