	0.000000	0.755359	0.003808	0.002876
	9.129617	1.422593	0.003887	0.005530
	17.028567	2.068308	0.004038	0.008352
	24.931149	2.640261	0.004251	0.011223
	32.835609	3.133137	0.004516	0.014150
	40.741696	3.544243	0.004824	0.017099
	48.639498	3.887003	0.005169	0.020092
	56.538597	4.169119	0.005551	0.023141
	64.439570	4.403175	0.005957	0.026228
	72.341987	4.599477	0.006389	0.029386
	80.239264	4.768064	0.006841	0.032619
	88.131917	4.910950	0.007314	0.035918
	96.039165	5.036446	0.007807	0.039318
	103.937886	5.147618	0.008317	0.042812
	111.833837	5.247106	0.008847	0.046421
	119.736781	5.339887	0.009393	0.050156
	127.633502	5.425495	0.009958	0.054028
	135.539553	5.507632	0.010542	0.058063
	143.432110	5.587704	0.011145	0.062273
	151.331497	5.664877	0.011771	0.066681
	159.233340	5.742420	0.012420	0.071319
	167.132330	5.820373	0.013092	0.076202
	175.028490	5.897808	0.013798	0.081378
	182.931127	5.977684	0.014533	0.086871
	190.829733	6.058005	0.015306	0.092725
	198.733670	6.141838	0.016122	0.099019
	206.631803	6.176094	0.016985	0.104904
	214.533086	6.265361	0.017906	0.112185
	222.433943	6.359989	0.018889	0.120135
	230.330790	6.462110	0.019946	0.128891
	238.229164	6.570741	0.021083	0.138529
	246.128292	6.683990	0.022319	0.149178
	254.027116	6.803714	0.023674	0.161069
	261.922675	6.933042	0.025178	0.174560
	269.821478	7.069760	0.026866	0.189939
	277.717433	7.211062	0.028781	0.207540
	285.619962	7.370919	0.030967	0.228253
	293.516048	7.538690	0.033509	0.252614
	301.415114	7.718766	0.036544	0.282071
	309.318159	7.915097	0.040207	0.318245
	317.213954	8.127390	0.044758	0.363764
	325.109931	8.355046	0.050593	0.422705
	333.011710	8.602948	0.058355	0.502021
	340.909400	8.871528	0.069126	0.613249
	348.812087	9.166132	0.084784	0.777145
	356.712806	9.498890	0.108010	1.025972
	364.603113	9.486201	0.135677	1.287055
	372.066021	10.264657	0.149894	1.538612
	379.523428	11.789439	0.125269	1.476853
	386.980728	12.751003	0.090268	1.151003
	394.445837	12.685809	0.065706	0.833540
	402.344516	13.047523	0.048666	0.634968
	410.250255	13.925597	0.037173	0.517660
	418.152043	14.977086	0.029016	0.434572
	426.052499	16.260691	0.022948	0.373152
	433.948172	17.843364	0.018273	0.326058
	441.849212	19.824802	0.014562	0.288691
	449.747272	22.344024	0.011566	0.258422
	457.645583	25.647602	0.009100	0.233406
	465.546383	29.958638	0.007084	0.212226
	473.440854	35.434923	0.005481	0.194213
	481.346175	41.466230	0.004306	0.178559
	489.243781	45.401474	0.003630	0.164801
	497.145455	44.020454	0.003469	0.152704
	505.046237	38.165888	0.003719	0.141920
	512.944190	31.155846	0.004242	0.132178
	520.839391	25.119463	0.004910	0.123332
	528.742540	20.489570	0.005627	0.115293
	536.640631	16.983331	0.006357	0.107955
	544.544393	14.300385	0.007076	0.101194
	552.445499	12.264007	0.007780	0.095414
	560.348731	10.619261	0.008460	0.089837
	568.252806	9.279596	0.009122	0.084650
	576.151237	8.178909	0.009758	0.079808
	584.046080	7.258263	0.010371	0.075275
	591.945340	6.477771	0.010963	0.071013
	599.842512	5.808510	0.011535	0.066998
	607.748979	5.229556	0.012086	0.063206
	615.642724	4.721255	0.012625	0.059607
	623.541928	4.274458	0.013145	0.056186
	631.445663	3.877075	0.013653	0.052934
	639.342119	3.522717	0.014147	0.049837
	647.240860	3.203551	0.014631	0.046871
	655.136561	2.915335	0.015103	0.044031
	663.039653	2.653521	0.015568	0.041311
	670.940432	2.415177	0.016020	0.038691
	678.833875	2.197358	0.016465	0.036180
	686.730764	1.996676	0.016902	0.033747
	694.641584	1.812270	0.017330	0.031406
	702.539731	1.641450	0.017752	0.029139
	710.435553	1.483469	0.018170	0.026954
	718.341661	1.336288	0.018580	0.024828
	726.241261	1.199643	0.018983	0.022773
	734.149662	1.071264	0.019382	0.020764
	742.048239	0.951963	0.019774	0.018824
	749.948473	0.839462	0.020161	0.016924
	757.848356	0.734121	0.020546	0.015083
	765.746834	0.634846	0.020925	0.013284
	773.641087	0.541157	0.021299	0.011526
	781.546700	0.453039	0.021671	0.009818
	789.439515	0.369316	0.022040	0.008140
	797.341934	0.290061	0.022405	0.006499
	805.236071	0.216589	0.022769	0.004931
	813.138898	0.149777	0.023128	0.003464
	821.039461	0.096662	0.023485	0.002270
	828.943074	0.064081	0.023842	0.001528
	836.837458	0.065023	0.024196	0.001573
	844.743130	0.094674	0.024549	0.002324
	852.635033	0.137363	0.024901	0.003420
	860.537157	0.186472	0.025251	0.004709
	868.432691	0.236352	0.025601	0.006051
	876.327305	0.284865	0.025953	0.007393
	884.228189	0.332173	0.026299	0.008736
	892.125283	0.377427	0.026646	0.010057
	900.023321	0.420688	0.026994	0.011356
	907.926216	0.462499	0.027345	0.012647
	915.826126	0.502962	0.027693	0.013929
	923.723189	0.541397	0.028042	0.015182
	931.620980	0.578412	0.028391	0.016422
	939.516601	0.614418	0.028740	0.017658
	947.421686	0.649044	0.029089	0.018880
	955.318358	0.682242	0.029436	0.020083
	963.221209	0.714396	0.029787	0.021279
	971.126962	0.745581	0.030137	0.022470
	979.018137	0.775575	0.030488	0.023646
	986.916048	0.804420	0.030845	0.024812
	994.823058	0.832511	0.031196	0.025971
	1002.720682	0.859824	0.031553	0.027130
	1010.625975	0.886106	0.031908	0.028273
	1018.525228	0.911450	0.032266	0.029409
	1026.424162	0.936099	0.032628	0.030543
	1034.327429	0.960263	0.032989	0.031678
	1042.219902	0.983311	0.033356	0.032800
	1050.119509	1.005627	0.033723	0.033913
	1058.022222	1.027578	0.034092	0.035032
	1065.919256	1.048769	0.034467	0.036148
	1073.821598	1.069361	0.034845	0.037262
	1081.722003	1.089220	0.035223	0.038366
	1089.618642	1.108578	0.035605	0.039471
	1097.522340	1.127515	0.035993	0.040582
	1105.419673	1.145727	0.036385	0.041687
	1113.319097	1.163419	0.036780	0.042790
	1121.219558	1.180754	0.037177	0.043896
	1129.118943	1.197649	0.037578	0.045005
	1137.022971	1.214130	0.037981	0.046113
	1144.922188	1.230120	0.038388	0.047222
	1152.823397	1.245708	0.038800	0.048334
	1160.726508	1.261025	0.039216	0.049452
	1168.627223	1.275900	0.039635	0.050570
	1176.525493	1.290179	0.040060	0.051685
	1184.425451	1.304340	0.040488	0.052810
	1192.323444	1.318258	0.040922	0.053946
	1200.221404	1.331613	0.041361	0.055077
	1208.118412	1.344566	0.041806	0.056212
	1216.018608	1.357227	0.042258	0.057354
	1223.919668	1.369607	0.042719	0.058508
	1231.819991	1.381459	0.043188	0.059663
	1239.717021	1.392810	0.043668	0.060821
	1247.619047	1.403775	0.044158	0.061988
	1255.512748	1.414326	0.044662	0.063167
	1263.412786	1.424284	0.045177	0.064345
	1271.314073	1.434020	0.045699	0.065534
	1279.212022	1.443844	0.046219	0.066732
	1287.114495	1.453919	0.046730	0.067942
	1295.017290	1.464111	0.047230	0.069150
	1302.916042	1.474273	0.047732	0.070370
	1310.823489	1.484597	0.048234	0.071608
	1318.721411	1.494327	0.048748	0.072846
	1326.618672	1.503561	0.049273	0.074085
	1334.523105	1.512563	0.049809	0.075339
	1342.420311	1.521384	0.050352	0.076605
	1350.320634	1.529812	0.050907	0.077879
	1358.220341	1.537948	0.051467	0.079154
	1366.122807	1.545928	0.052035	0.080442
	1374.022915	1.553663	0.052612	0.081742
	1381.918627	1.561012	0.053195	0.083039
	1389.818378	1.568099	0.053790	0.084348
